         t(時間)         y(振幅)
        0.00000          6.00000
        0.50000          0.39838
        1.00000          0.54257
        1.50000          1.61558
        2.00000          7.87327
        2.50000          7.43238
        3.00000          9.90861
        3.50000          8.12875
        4.00000          7.90632
        4.50000         10.36344
        5.00000         12.56607
        5.50000         11.35447
        6.00000         13.11464
        6.50000         11.99164
        7.00000         13.74646
        7.50000         15.53975
        8.00000         15.97251
        8.50000         17.17767
        9.00000         18.46775
        9.50000         18.46845
       10.00000         19.94844
       10.50000         23.24924
       11.00000         23.47505
       11.50000         22.63236
       12.00000         25.60683
       12.50000         22.44725
       13.00000         28.49824
       13.50000         31.68954
       14.00000         29.37214
       14.50000         26.99035
       15.00000         30.16072
       15.50000         31.63035
       16.00000         35.06589
       16.50000         35.74395
       17.00000         33.42766
       17.50000         35.60286
       18.00000         38.98288
       18.50000         38.58064
       19.00000         41.46952
       19.50000         39.22483
       20.00000         41.98166
       20.50000          6.00000
       21.00000          0.39838
       21.50000          0.54257
       22.00000          1.61558
       22.50000          7.87327
       23.00000          7.43238
       23.50000          9.90861
       24.00000          8.12875
       24.50000          7.90632
       25.00000         10.36344
       25.50000         12.56607
       26.00000         11.35447
       26.50000         13.11464
       27.00000         11.99164
       27.50000         13.74646
       28.00000         15.53975
       28.50000         15.97251
       29.00000         17.17767
       29.50000         18.46775
       30.00000         18.46845
       30.50000         19.94844
       31.00000         23.24924
       31.50000         23.47505
       32.00000         22.63236
       32.50000         25.60683
       33.00000         22.44725
       33.50000         28.49824
       34.00000         31.68954
       34.50000         29.37214
       35.00000         26.99035
       35.50000         30.16072
       36.00000         31.63035
       36.50000         35.06589
       37.00000         35.74395
       37.50000         33.42766
       38.00000         35.60286
       38.50000         38.98288
       39.00000         38.58064
       39.50000         41.46952
       40.00000         39.22483
       40.50000         41.98166
       41.00000          6.00000
       41.50000          0.39838
       42.00000          0.54257
       42.50000          1.61558
       43.00000          7.87327
       43.50000          7.43238
       44.00000          9.90861
       44.50000          8.12875
       45.00000          7.90632
       45.50000         10.36344
       46.00000         12.56607
       46.50000         11.35447
       47.00000         13.11464
       47.50000         11.99164
       48.00000         13.74646
       48.50000         15.53975
       49.00000         15.97251
       49.50000         17.17767
       50.00000         18.46775
       50.50000         18.46845
       51.00000         19.94844
       51.50000         23.24924
       52.00000         23.47505
       52.50000         22.63236
       53.00000         25.60683
       53.50000         22.44725
       54.00000         28.49824
       54.50000         31.68954
       55.00000         29.37214
       55.50000         26.99035
       56.00000         30.16072
       56.50000         31.63035
       57.00000         35.06589
       57.50000         35.74395
       58.00000         33.42766
       58.50000         35.60286
       59.00000         38.98288
       59.50000         38.58064
       60.00000         41.46952
       60.50000         39.22483
       61.00000         41.98166
       61.50000          6.00000
       62.00000          0.39838
       62.50000          0.54257
       63.00000          1.61558
       63.50000          7.87327
       64.00000          7.43238
       64.50000          9.90861
       65.00000          8.12875
       65.50000          7.90632
       66.00000         10.36344
       66.50000         12.56607
       67.00000         11.35447
       67.50000         13.11464
       68.00000         11.99164
       68.50000         13.74646
       69.00000         15.53975
       69.50000         15.97251
       70.00000         17.17767

時間序列
   0.0000,    0.5000,    1.0000,    1.5000,    2.0000,
   2.5000,    3.0000,    3.5000,    4.0000,    4.5000,
   5.0000,    5.5000,    6.0000,    6.5000,    7.0000,
   7.5000,    8.0000,    8.5000,    9.0000,    9.5000,
  10.0000,   10.5000,   11.0000,   11.5000,   12.0000,
  12.5000,   13.0000,   13.5000,   14.0000,   14.5000,
  15.0000,   15.5000,   16.0000,   16.5000,   17.0000,
  17.5000,   18.0000,   18.5000,   19.0000,   19.5000,
  20.0000,   20.5000,   21.0000,   21.5000,   22.0000,
  22.5000,   23.0000,   23.5000,   24.0000,   24.5000,
  25.0000,   25.5000,   26.0000,   26.5000,   27.0000,
  27.5000,   28.0000,   28.5000,   29.0000,   29.5000,
  30.0000,   30.5000,   31.0000,   31.5000,   32.0000,
  32.5000,   33.0000,   33.5000,   34.0000,   34.5000,
  35.0000,   35.5000,   36.0000,   36.5000,   37.0000,
  37.5000,   38.0000,   38.5000,   39.0000,   39.5000,
  40.0000,   40.5000,   41.0000,   41.5000,   42.0000,
  42.5000,   43.0000,   43.5000,   44.0000,   44.5000,
  45.0000,   45.5000,   46.0000,   46.5000,   47.0000,
  47.5000,   48.0000,   48.5000,   49.0000,   49.5000,
  50.0000,   50.5000,   51.0000,   51.5000,   52.0000,
  52.5000,   53.0000,   53.5000,   54.0000,   54.5000,
  55.0000,   55.5000,   56.0000,   56.5000,   57.0000,
  57.5000,   58.0000,   58.5000,   59.0000,   59.5000,
  60.0000,   60.5000,   61.0000,   61.5000,   62.0000,
  62.5000,   63.0000,   63.5000,   64.0000,   64.5000,
  65.0000,   65.5000,   66.0000,   66.5000,   67.0000,
  67.5000,   68.0000,   68.5000,   69.0000,   69.5000,
  70.0000,

位移序列
   6.0000,    0.3984,         0.5426,         1.6156,         7.8733,
   7.4324,    9.9086,         8.1288,         7.9063,        10.3634,
  12.5661,   11.3545,        13.1146,        11.9916,        13.7465,
  15.5397,   15.9725,        17.1777,        18.4677,        18.4684,
  19.9484,   23.2492,        23.4750,        22.6324,        25.6068,
  22.4473,   28.4982,        31.6895,        29.3721,        26.9904,
  30.1607,   31.6303,        35.0659,        35.7440,        33.4277,
  35.6029,   38.9829,        38.5806,        41.4695,        39.2248,
  41.9817,    6.0000,         0.3984,         0.5426,         1.6156,
   7.8733,    7.4324,         9.9086,         8.1288,         7.9063,
  10.3634,   12.5661,        11.3545,        13.1146,        11.9916,
  13.7465,   15.5397,        15.9725,        17.1777,        18.4677,
  18.4684,   19.9484,        23.2492,        23.4750,        22.6324,
  25.6068,   22.4473,        28.4982,        31.6895,        29.3721,
  26.9904,   30.1607,        31.6303,        35.0659,        35.7440,
  33.4277,   35.6029,        38.9829,        38.5806,        41.4695,
  39.2248,   41.9817,         6.0000,         0.3984,         0.5426,
   1.6156,    7.8733,         7.4324,         9.9086,         8.1288,
   7.9063,   10.3634,        12.5661,        11.3545,        13.1146,
  11.9916,   13.7465,        15.5397,        15.9725,        17.1777,
  18.4677,   18.4684,        19.9484,        23.2492,        23.4750,
  22.6324,   25.6068,        22.4473,        28.4982,        31.6895,
  29.3721,   26.9904,        30.1607,        31.6303,        35.0659,
  35.7440,   33.4277,        35.6029,        38.9829,        38.5806,
  41.4695,   39.2248,        41.9817,         6.0000,         0.3984,
   0.5426,    1.6156,         7.8733,         7.4324,         9.9086,
   8.1288,    7.9063,        10.3634,        12.5661,        11.3545,
  13.1146,   11.9916,        13.7465,        15.5397,        15.9725,
  17.1777,   
